1
3
4
10
7
2
6
5
9
8
13
11
14
12
15
16
18
17
19
20
29
21
30
26
28
25
27
24
22
23
33
31
37
32
36
34
35
40
39
38
41
47
44
43
42
48
49
46
50
45
52
51
53
57
56
59
54
58
60
55
61
62
67
65
69
64
63
68
66
70
74
72
71
76
78
75
73
77
79
80
81
88
82
85
83
90
89
84
86
87
95
93
100
94
96
91
92
99
98
97
102
103
110
105
104
101
106
108
109
107
111
115
114
118
113
119
112
117
116
120
127
126
124
123
122
121
125
130
128
129
132
140
131
139
138
135
134
133
137
136
141
150
146
143
142
147
145
144
149
148
151
159
152
153
160
155
154
156
157
158
162
161
164
163
169
170
168
165
166
167
173
172
174
171
176
177
175
179
178
180
188
183
181
184
182
186
187
189
185
192
193
197
199
191
194
198
195
200
196
201
203
205
202
207
206
210
204
209
190
215
214
213
211
220
219
212
217
216
218
227
229
222
224
228
208
221
223
225
226
234
230
231
232
233
235
237
236
239
238
240
248
245
247
246
242
241
243
244
249
250
257
251
258
259
253
252
254
256
255
260
262
268
267
261
264
266
263
265
270
269
271
273
272
277
274
276
275
280
278
279
285
284
288
286
281
287
290
289
299
292
294
298
293
291
297
295
296
300
304
301
309
303
302
308
310
307
306
305
283
282
313
316
314
311
315
319
318
320
317
326
325
324
323
322
312
327
321
330
328
329
335
332
331
334
336
340
333
339
338
337
346
345
341
342
343
344
347
349
350
348
354
352
353
355
356
351
357
360
359
358
368
364
362
363
361
366
367
369
370
365
372
378
371
379
374
375
373
380
377
376
384
387
383
389
386
381
382
388
385
390
393
392
396
391
395
397
399
398
394
403
405
401
404
402
406
410
409
408
407
414
418
413
411
417
412
419
420
415
416
429
423
427
428
424
421
426
425
430
400
422
433
434
437
438
431
432
435
436
440
439
448
446
444
443
447
442
449
450
445
441
452
454
451
456
453
459
455
458
457
460
463
466
462
469
464
467
468
465
470
473
471
477
472
475
476
478
480
484
489
483
474
481
488
487
486
482
485
490
491
493
492
496
494
495
461
498
500
499
497
501
502
504
508
506
507
503
509
510
505
479
518
513
514
520
511
512
516
517
515
519
525
522
530
523
526
521
524
527
528
529
531
534
539
536
540
535
533
538
537
546
548
549
542
544
547
541
543
545
550
551
558
555
557
554
560
559
556
565
566
570
562
561
563
564
569
568
567
571
580
572
576
575
573
574
579
577
578
581
583
589
587
588
584
585
582
586
590
598
593
595
596
599
591
597
594
600
592
609
605
608
606
601
603
607
604
610
613
612
617
614
616
619
615
618
620
621
622
628
627
626
625
624
630
629
631
635
637
638
634
636
632
640
639
633
642
641
649
648
646
644
643
645
650
647
652
658
654
659
656
651
653
655
660
657
665
664
662
669
663
661
670
667
666
668
675
680
678
671
672
674
673
679
677
676
681
685
683
684
682
686
687
688
689
690
691
692
693
698
696
694
697
699
700
695
709
702
703
706
705
704
708
710
707
712
720
717
716
713
711
718
719
721
722
728
723
724
729
727
725
730
726
734
731
733
736
732
735
739
738
737
740
742
743
749
741
750
744
747
746
745
748
753
751
754
760
756
755
759
752
757
758
762
765
768
764
769
763
767
766
770
771
775
776
772
774
778
779
777
773
780
784
785
782
783
781
786
787
789
790
788
792
794
797
799
793
796
795
800
798
801
805
804
810
809
803
808
807
806
802
818
812
817
814
811
813
816
820
819
815
824
826
825
821
823
822
830
827
829
828
836
834
831
833
832
840
835
838
839
837
841
849
850
848
847
842
844
843
846
845
851
852
860
853
859
855
854
856
858
864
866
865
862
863
861
868
869
867
857
870
871
873
877
875
876
878
880
879
874
883
884
882
886
872
885
887
890
888
896
891
897
895
892
889
894
898
900
899
901
908
909
907
903
904
906
910
905
902
913
912
916
920
914
919
918
915
917
922
924
929
921
923
925
930
928
926
927
931
935
933
932
940
936
934
939
938
937
941
942
946
949
944
943
948
947
945
950
955
953
952
958
959
960
956
954
965
963
964
961
970
962
966
968
967
957
969
971
974
976
973
980
972
979
978
977
975
989
988
982
984
983
981
986
987
990
985
991
992
997
998
996
994
995
999
1000
1005
1010
1002
1008
1003
1009
1007
1004
1006
1011
1016
1017
1013
1015
1012
1014
1020
1018
1019
1025
1023
1026
1024
1022
0